1 36.84615019 -2.466988057
2 36.84749519 -2.463458292
3 36.8447255 -2.46295051
4 36.84061689 -2.463806013
5 36.8385241 -2.463492719
6 36.8358902 -2.4631352
7 36.83700452 -2.46084538
8 36.83692578 -2.457414144
9 36.84030056 -2.453716213
10 36.8414776 -2.453366742
11 36.84357594 -2.452454526
12 36.84825606 -2.452796625
13 36.85081394 -2.452304575
14 36.85561322 -2.44881924
15 36.85743838 -2.447708061
16 36.86181109 -2.44639675
17 36.8633143 -2.44749627
19 36.86083243 -2.445260465
20 36.86222917 -2.444689437
22 36.86325471 -2.440853686
23 36.8620295 -2.444853784
24 36.86148681 -2.444514462
25 36.85763783 -2.447671492
26 36.85561322 -2.44881924
27 36.85029293 -2.452700889
28 36.8482390 -2.452993282
29 36.84356084 -2.452628253
30 36.8407231 -2.453952645
31 36.83904542 -2.454780166
32 36.83766554 -2.456135801
33 36.8389436 -2.459073633
34 36.83952766 -2.460163273
35 36.8447255 -2.46295051
36 36.84749519 -2.463458292
37 36.83056509 -2.449906209
39 36.83333428 -2.45175652
40 36.8331460 -2.454395926
41 36.83018256 -2.452956476
42 36.83132557 -2.456009824
43 36.83271249 -2.4596671
44 36.83465138 -2.462291559
47 36.83248956 -2.459634981
48 36.83124255 -2.456063785
49 36.83020219 -2.453303971
50 36.85763783 -2.447671492
51 36.84209619 -2.457582168
52 36.84322054 -2.455121497
53 36.84233696 -2.453077325
54 36.84243065 -2.449979304
55 36.84219287 -2.447300573
56 36.8412799 -2.447202253
57 36.84299911 -2.447201125
58 36.84473929 -2.447185839
59 36.8464084 -2.447030692
60 36.84896631 -2.446552361
61 36.85380315 -2.446155793
62 36.85531973 -2.441945251
63 36.85402382 -2.440485253
64 36.85236485 -2.438500773
65 36.85449128 -2.440255552
66 36.85551851 -2.442044761
67 36.85268417 -2.446460936
68 36.84852094 -2.446822856
69 36.8449231 -2.447476149
70 36.8429602 -2.447504203
71 36.84129034 -2.447222094
72 36.85551851 -2.442044761
73 36.84090881 -2.448745581
74 36.8408607 -2.451987063
75 36.84022611 -2.47721395
76 36.84203499 -2.47575441
77 36.84221562 -2.474564832
78 36.83923884 -2.475692641
79 36.8375990 -2.476259649
80 36.8387270 -2.459694302
81 36.84664453 -2.445472297
82 36.84698031 -2.441691815
83 36.84626799 -2.437827544
84 36.844317 -2.43320982
85 36.84555704 -2.430856844
86 36.84690989 -2.43100384
87 36.84834735 -2.431520091
88 36.84928582 -2.432085424
89 36.85174208 -2.431113847
90 36.85190481 -2.430854405
91 36.85174208 -2.431113847
92 36.84928582 -2.432085424
93 36.84690989 -2.43100384
94 36.83179741 -2.457623986
95 36.84555704 -2.430856844
96 36.84441682 -2.431818613
97 36.84711741 -2.438629122
98 36.84738167 -2.440780404
99 36.84683073 -2.444766301
101 36.83715022 -2.466614774
102 36.838779 -2.4720426
104 36.83865806 -2.477357253
105 36.85928112 -2.451355144
107 36.8584158 -2.451383284
108 36.83195943 -2.457749488
109 36.85428145 -2.456012545
110 36.8529052 -2.454288323
111 36.84944344 -2.455595482
112 36.84814012 -2.456992473
113 36.84642485 -2.458888956
114 36.84465174 -2.458553796
115 36.84214812 -2.458295539
116 36.84759053 -2.43955659
117 36.8447039 -2.458037425
118 36.84742558 -2.457671093
119 36.84873174 -2.456249117
120 36.85047313 -2.454262452
121 36.8480949 -2.431510743
123 36.85256203 -2.452150322
124 36.8592176 -2.450105583
126 36.84807127 -2.437915287
127 36.84870623 -2.435265831
128 36.8576618 -2.451315287
129 36.85167669 -2.452941312
130 36.85169253 -2.453210886
131 36.85613756 -2.45292841
132 36.83643481 -2.461887277
133 36.8287331325 -2.4514192910
134 36.8263659293 -2.4492597799
135 36.8249090971 -2.4472864739
136 36.8227006350 -2.4442187739
137 36.8196803631 -2.4398426525
138 36.8196610385 -2.4398694746
139 36.8167760911 -2.4358046286
140 36.8156347096 -2.4265802090
141 36.8172714158 -2.4196671359
142 36.8185438299 -2.4145223633
143 36.8215656246 -2.4098796894
144 36.8277745362 -2.4041269993
145 36.8215927431 -2.4100046018
146 36.8186865188 -2.4146499605
147 36.8174011952 -2.4198897242
148 36.8158350945 -2.4269099797
149 36.8164744801 -2.4352014923
150 36.8186025725 -2.4381928149
151 36.8205356924 -2.4408611189
152 36.8228880739 -2.4440928330
154 36.8245513393 -2.4448867754
155 36.8279662908 -2.4454676160
156 36.8511000678 -2.4341131544
157 36.8324477429 -2.4462763917
158 36.8342501193 -2.4466690996
159 36.83435064 -2.446931867
160 36.83222553 -2.446406671
161 36.85177558 -2.435891615
162 36.8279601 -2.445624183
163 36.8245232 -2.445040235
164 36.82503338 -2.447184648
165 36.82620604 -2.448829966
166 36.82924761 -2.451651171
167 36.83485695 -2.388899908
168 36.83844286 -2.385125493
169 36.83938593 -2.380912062
170 36.83798154 -2.386149436
171 36.83612994 -2.385783212
172 36.83526802 -2.388201311
173 36.83447255 -2.389023598
174 36.8466117 -2.450005685
175 36.84083194 -2.424629689
176 36.83948626 -2.418471754
177 36.84074879 -2.413078719
178 36.84083072 -2.411507979
179 36.84043989 -2.407327664
180 36.84041642 -2.404355641
181 36.84116084 -2.398576835
182 36.84252875 -2.396027734
183 36.84580192 -2.388234803
184 36.84674196 -2.386230863
185 36.84787042 -2.383086031
186 36.84910576 -2.377950955
187 36.84953661 -2.374088762
188 36.84812405 -2.371195151
189 36.85093292 -2.36880531
190 36.85184383 -2.363427441
191 36.85234028 -2.360851087
192 36.85274766 -2.357583703
193 36.85287692 -2.354823136
194 36.851946 -2.351141039
195 36.85287692 -2.354823136
196 36.85274766 -2.357583703
197 36.85234028 -2.360851087
198 36.85184383 -2.363427441
199 36.85093292 -2.36880531
200 36.84953661 -2.374088762
201 36.84910576 -2.377950955
202 36.84787042 -2.383086031
203 36.84674196 -2.386230863
204 36.84580192 -2.388234803
205 36.84252875 -2.396027734
206 36.84116084 -2.398576835
207 36.84034892 -2.405278529
208 36.84049806 -2.407629983
209 36.84086045 -2.41001609
210 36.84074371 -2.413528802
211 36.83948626 -2.418471754
212 36.84083194 -2.424629689
214 36.85092017 -2.306561472
215 36.84733667 -2.305752591
216 36.8449457 -2.304035676
217 36.83936776 -2.30574612
218 36.83677589 -2.308215767
219 36.83422724 -2.310190081
220 36.83306432 -2.311736917
221 36.83484033 -2.31194395
222 36.83936776 -2.30574612
223 36.84515077 -2.303831915
224 36.84733667 -2.305752591
225 36.85217378 -2.305071225
226 36.89188181 -2.280616715
227 36.89213385 -2.280870832
228 36.89337369 -2.280184461
229 36.8922734 -2.278612338
230 36.89337369 -2.280184461
231 36.89213385 -2.280870832
232 36.89188181 -2.280616715
233 36.83963505 -2.410350753
234 36.83658529 -2.408187275
235 36.83658529 -2.408187275
236 36.83819676 -2.405741145
237 36.8397222 -2.402971629
238 36.85447484 -2.358770009
239 36.85447484 -2.358770009
240 36.8556744 -2.363908965
241 36.8556744 -2.363908965
242 36.8566726 -2.366828579
243 36.8566726 -2.366828579
244 36.8590201 -2.370713183
245 36.8590201 -2.370713183
246 36.86161586 -2.375751514
247 36.86161586 -2.375751514
248 36.86516277 -2.378471334
249 36.86516277 -2.378471334
250 36.8665417 -2.383598647
251 36.8665417 -2.383598647
252 36.86767312 -2.386226151
253 36.86767312 -2.386226151
254 36.86035271 -2.387855351
255 36.86035271 -2.387855351
256 36.85639192 -2.387404592
257 36.85639192 -2.387404592
258 36.8536404 -2.387000305
259 36.8536404 -2.387000305
260 36.85159574 -2.386904492
261 36.85159574 -2.386904492
262 36.85297846 -2.319723362
263 36.85297846 -2.319723362
264 36.86253055 -2.308599339
265 36.86253055 -2.308599339
266 36.86507962 -2.303259834
267 36.84549909 -2.45096456
268 36.85206241 -2.351117538
272 36.83702934 -2.455971015
273 36.83431913 -2.458401392
274 36.83322094 -2.448731066
275 36.83333879 -2.446935901
276 36.83468668 -2.444023987
277 36.83357159 -2.447057157
278 36.83342072 -2.448556623
279 36.83563838 -2.444393131
280 36.84767034 -2.460752301
281 36.84800186 -2.458327304
282 36.84765297 -2.459915429
283 36.84949438 -2.463018105
286 36.85435282 -2.455952841
287 36.85160766 -2.455624027
291 36.84698246 -2.447160833
292 36.83491844 -2.456290692
293 36.83720915 -2.457721282
294 36.83069387 -2.396461068
297 36.83069387 -2.396461068
298 36.84902834 -2.463997414
299 36.85450357 -2.438630701
301 36.85274217 -2.451744989
302 36.85429755 -2.30359052
303 36.85562527 -2.304948292
304 36.85423371 -2.309010184
305 36.82365364 -2.294606239
306 36.86026806 -2.442201189
307 36.83491844 -2.456290692
308 36.85692392 -2.439588912
309 36.8574636 -2.440067823
310 36.83494167 -2.311852692
311 36.86011482 -2.442245217
312 36.84951579 -2.440707079
313 36.82767717 -2.450488265
314 36.82773835 -2.450353126
315 36.84316373 -2.303085563
316 36.84316373 -2.303085563
317 36.83824328 -2.307649359
318 36.8309636 -2.396618149
319 36.86555205 -2.446446334
320 36.8641854 -2.443665016
321 36.85230769 -2.437893538
322 36.84198862 -2.448376999
323 36.83759997 -2.435579351
324 36.8483158 -2.441984939
325 36.85522307 -2.444445414
326 36.89497949 -2.277162707
327 36.89497949 -2.277162707
328 36.86557365 -2.386161073
329 36.86557365 -2.386161073
330 36.84378403 -2.448668868
331 36.84000008 -2.460988918
332 36.85208233 -2.312641282
333 36.85208233 -2.312641282
334 36.84144633 -2.436494847
335 36.84005078 -2.431166802
336 36.84767611 -2.465642201
337 36.84855661 -2.466961529
338 36.85005357 -2.469147593
339 36.85283691 -2.468212241
340 36.8523198 -2.465129038
341 36.85076162 -2.462560824
342 36.84907943 -2.462564193
343 36.85185778 -2.463382941
344 36.85297952 -2.468276839
345 36.84981062 -2.469588898
346 36.84856399 -2.468610251
347 36.84956344 -2.460772654
363 36.83488858 -2.44219818
364 36.83595336 -2.439870023
367 36.83707823 -2.434806012
368 36.83744317 -2.437869095
391 36.85118068 -2.45049157
392 36.85148974 -2.449928306
393 36.85153482 -2.447677933
394 36.8517151 -2.447656475
396 36.85531218 -2.44581648
398 36.8485085 -2.453873836
399 36.84511287 -2.456427299
402 36.85768152 -2.445435606
403 36.856948 -2.445896
404 36.838489 -2.463486
406 36.835569 -2.466833
407 36.836832 -2.469059
408 36.839047 -2.468861
409 36.839970 -2.470025
410 36.839919 -2.472734
411 36.840460 -2.474788
412 36.837802 -2.472943
413 36.837154 -2.470787
414 36.835986 -2.467316
415 36.834638 -2.464736
416 36.83287061 -2.443678759
417 36.83718557 -2.437869095
418 36.83597054 -2.440063142
419 36.8390961 -2.460150205
420 36.83588467 -2.462301337
421 36.85174515 -2.457567238
422 36.85087161 -2.460085832
460 36.83484779 -2.462084078